100 0
200 0
300 0
400 0
500 0
600 0
700 0
800 0
900 0
1000 0
1100 0
1200 0
1300 0
1400 0
1500 0
1600 0
1700 0
1800 0
1900 0
2000 0
2100 0
2200 0
2300 0
2400 0
2500 0
2600 0
2700 0
2800 0
2900 0
3000 0
3100 0
3200 0
3300 0
3400 0
3500 0
3600 0
3700 0
3800 0
3900 0
4000 0
4100 10
4200 0
4300 0
4400 0
4500 0
4600 0
4700 0
4800 10
4900 0
5000 0
5100 0
5200 10
5300 0
5400 0
5500 0
5600 0
5700 0
5800 0
5900 0
6000 0
6100 0
6200 0
6300 0
6400 0
6500 10
6600 0
6700 0
6800 0
6900 0
7000 0
7100 0
7200 0
7300 0
7400 0
7500 0
7600 0
7700 0
7800 0
7900 0
8000 10
8100 0
8200 0
8300 10
8400 0
8500 0
8600 0
8700 0
8800 10
8900 0
9000 10
9100 0
9200 0
9300 10
9400 0
9500 10
9600 0
9700 0
9800 0
9900 0
10000 0
10100 0
10200 0
10300 0
10400 0
10500 0
10600 0
10700 0
10800 10
10900 0
11000 0
11100 0
11200 10
11300 0
11400 0
11500 0
11600 0
11700 0
11800 0
11900 10
12000 0
12100 0
12200 0
12300 0
12400 0
12500 0
12600 0
12700 0
12800 0
12900 0
13000 0
13100 0
13200 0
13300 0
13400 0
13500 0
13600 10
13700 0
13800 10
13900 0
14000 0
14100 0
14200 0
14300 0
14400 10
14500 0
14600 10
14700 0
14800 10
14900 0
15000 10
15100 0
15200 0
15300 0
15400 0
15500 0
15600 0
15700 10
15800 0
15900 10
16000 10
16100 10
16200 10
16300 0
16400 10
16500 0
16600 10
16700 0
16800 0
16900 0
17000 0
17100 10
17200 0
17300 10
17400 0
17500 10
17600 0
17700 0
17800 10
17900 0
18000 10
18100 0
18200 10
18300 0
18400 0
18500 0
18600 0
18700 10
18800 0
18900 10
19000 0
19100 0
19200 0
19300 0
19400 10
19500 0
19600 10
19700 0
19800 0
19900 10
20000 0
20100 0
20200 10
20300 0
20400 0
20500 10
20600 0
20700 0
20800 10
20900 10
21000 0
21100 0
21200 10
21300 10
21400 10
21500 0
21600 0
21700 10
21800 0
21900 0
22000 10
22100 10
22200 0
22300 0
22400 10
22500 0
22600 0
22700 10
22800 10
22900 0
23000 0
23100 10
23200 0
23300 13
23400 0
23500 0
23600 10
23700 0
23800 0
23900 10
24000 10
24100 0
24200 0
24300 10
24400 10
24500 7
24600 0
24700 10
24800 10
24900 10
25000 0
25100 0
25200 10
25300 10
25400 10
25500 10
25600 0
25700 0
25800 10
25900 10
26000 10
26100 0
26200 0
26300 10
26400 10
26500 10
26600 10
26700 0
26800 0
26900 0
27000 10
27100 10
27200 10
27300 0
27400 0
27500 0
27600 10
27700 10
27800 10
27900 10
28000 0
28100 0
28200 10
28300 10
28400 10
28500 10
28600 0
28700 0
28800 10
28900 10
29000 10
29100 0
29200 0
29300 10
29400 10
29500 10
29600 10
29700 0
29800 0
29900 0
30000 10
30100 10
30200 10
30300 10
30400 10
30500 0
30600 0
30700 2
30800 10
30900 10
31000 0
31100 0
31200 0
31300 10
31400 0
31500 8
31600 0
31700 0
31800 0
31900 10
32000 0
32100 0
32200 0
32300 0
32400 0
32500 10
32600 0
32700 0
32800 0
32900 0
33000 0
33100 0
33200 0
33300 10
33400 10
33500 10
33600 10
33700 10
33800 10
33900 10
34000 10
34100 10
34200 10
34300 10
34400 10
34500 10
34600 10
34700 10
34800 0
34900 10
35000 10
35100 10
35200 10
35300 10
35400 10
35500 10
35600 10
35700 10
35800 10
35900 10
36000 10
36100 10
36200 10
36300 10
36400 10
36500 10
36600 10
36700 10
36800 10
36900 10
37000 10
37100 10
37200 10
37300 10
37400 10
37500 10
37600 10
37700 10
37800 10
37900 10
38000 10
38100 0
38200 0
38300 10
38400 10
38500 10
38600 10
38700 10
38800 20
38900 10
39000 10
39100 10
39200 0
39300 10
39400 10
39500 10
39600 10
39700 10
39800 10
39900 10
40000 10
40100 10
40200 10
40300 10
40400 10
40500 10
40600 10
40700 10
40800 10
40900 0
41000 0
41100 10
41200 10
41300 10
41400 10
41500 10
41600 0
41700 0
41800 10
41900 10
42000 10
42100 10
42200 10
42300 10
42400 10
42500 10
42600 10
42700 10
42800 0
42900 10
43000 10
43100 10
43200 10
43300 10
43400 10
43500 10
43600 0
43700 10
43800 10
43900 20
44000 10
44100 10
44200 10
44300 0
44400 10
44500 10
44600 10
44700 10
44800 10
44900 10
45000 10
45100 10
45200 10
45300 0
45400 10
45500 10
45600 10
45700 0
45800 10
45900 10
46000 10
46100 0
46200 10
46300 10
46400 10
46500 10
46600 10
46700 10
46800 10
46900 10
47000 10
47100 10
47200 10
47300 10
47400 10
47500 10
47600 10
47700 1
47800 10
47900 10
48000 10
48100 10
48200 20
48300 10
48400 10
48500 10
48600 10
48700 10
48800 10
48900 10
49000 10
49100 10
49200 10
49300 10
49400 10
49500 10
49600 10
49700 10
49800 10
49900 10
50000 10
50100 10
50200 10
50300 10
50400 20
50500 10
50600 10
50700 10
50800 10
50900 10
51000 20
51100 10
51200 10
51300 10
51400 10
51500 10
51600 20
51700 10
51800 11
51900 9
52000 20
52100 10
52200 10
52300 10
52400 10
52500 10
52600 10
52700 10
52800 20
52900 10
53000 10
53100 20
53200 10
53300 10
53400 10
53500 10
53600 10
53700 10
53800 10
53900 10
54000 20
54100 10
54200 7
54300 10
54400 10
54500 20
54600 10
54700 10
54800 10
54900 20
55000 10
55100 20
55200 10
55300 20
55400 10
55500 20
55600 10
55700 10
55800 20
55900 10
56000 10
56100 10
56200 10
56300 20
56400 10
56500 10
56600 10
56700 10
56800 10
56900 20
57000 10
57100 10
57200 20
57300 10
57400 10
57500 20
57600 10
57700 10
57800 20
57900 10
58000 10
58100 20
58200 10
58300 10
58400 20
58500 10
58600 10
58700 20
58800 10
58900 10
59000 20
59100 10
59200 10
59300 10
59400 10
59500 10
59600 21
59700 10
59800 10
59900 10
60000 10
60100 9
60200 20
60300 10
60400 10
60500 20
60600 10
60700 10
60800 20
60900 10
61000 10
61100 20
61200 10
61300 10
61400 20
61500 10
61600 10
61700 20
61800 10
61900 10
62000 20
62100 10
62200 20
62300 10
62400 10
62500 10
62600 10
62700 10
62800 10
62900 10
63000 10
63100 10
63200 20
63300 10
63400 10
63500 20
63600 10
63700 10
63800 10
63900 10
64000 10
64100 10
64200 20
64300 10
64400 10
64500 20
64600 10
64700 10
64800 10
64900 10
65000 10
65100 20
65200 10
65300 10
65400 10
65500 20
65600 10
65700 10
65800 20
65900 10
66000 10
66100 20
66200 20
66300 10
66400 10
66500 20
66600 10
66700 10
66800 10
66900 20
67000 10
67100 10
67200 20
67300 10
67400 10
67500 10
67600 20
67700 10
67800 10
67900 20
68000 20
68100 10
68200 20
68300 20
68400 10
68500 10
68600 20
68700 10
68800 10
68900 10
69000 20
69100 10
69200 10
69300 10
69400 20
69500 20
69600 10
69700 10
69800 10
69900 10
70000 10
70100 10
70200 20
70300 10
70400 10
70500 10
70600 20
70700 20
70800 20
70900 13
71000 10
71100 20
71200 20
71300 7
71400 10
71500 20
71600 20
71700 20
71800 10
71900 10
72000 20
72100 20
72200 20
72300 20
72400 20
72500 10
72600 10
72700 10
72800 20
72900 18
73000 20
73100 17
73200 16
73300 10
73400 20
73500 10
73600 10
73700 19
73800 15
73900 21
74000 20
74100 20
74200 19
74300 20
74400 20
74500 20
74600 20
74700 20
74800 20
74900 20
75000 20
75100 20
75200 10
75300 10
75400 10
75500 20
75600 20
75700 10
75800 10
75900 20
76000 20
76100 20
76200 20
76300 20
76400 10
76500 10
76600 10
76700 10
76800 10
76900 10
77000 10
77100 10
77200 10
77300 10
77400 10
77500 20
77600 20
77700 20
77800 20
77900 10
78000 10
78100 10
78200 10
78300 20
78400 20
78500 10
78600 10
78700 20
78800 20
78900 20
79000 20
79100 20
79200 10
79300 20
79400 20
79500 20
79600 10
79700 20
79800 20
79900 20
80000 10
80100 20
80200 20
80300 22
80400 10
80500 10
80600 18
80700 20
80800 20
80900 10
81000 20
81100 10
81200 20
81300 20
81400 10
81500 10
81600 20
81700 20
81800 20
81900 10
82000 20
82100 20
82200 20
82300 10
82400 10
82500 20
82600 20
82700 20
82800 10
82900 20
83000 20
83100 20
83200 10
83300 10
83400 20
83500 20
83600 20
83700 30
83800 10
83900 10
84000 20
84100 20
84200 20
84300 10
84400 20
84500 20
84600 20
84700 10
84800 10
84900 20
85000 20
85100 10
85200 10
85300 20
85400 20
85500 20
85600 20
85700 10
85800 20
85900 20
86000 20
86100 10
86200 20
86300 20
86400 20
86500 10
86600 20
86700 20
86800 20
86900 20
87000 10
87100 20
87200 20
87300 20
87400 20
87500 10
87600 20
87700 20
87800 20
87900 10
88000 20
88100 20
88200 20
88300 20
88400 20
88500 20
88600 20
88700 20
88800 20
88900 20
89000 22
89100 10
89200 20
89300 20
89400 28
89500 20
89600 10
89700 20
89800 20
89900 30
90000 20
90100 20
90200 20
90300 20
90400 20
90500 31
90600 20
90700 30
90800 19
90900 20
91000 20
91100 20
91200 20
91300 16
91400 20
91500 20
91600 30
91700 10
91800 20
91900 20
92000 20
92100 20
92200 20
92300 20
92400 20
92500 20
92600 20
92700 20
92800 20
92900 20
93000 20
93100 20
93200 20
93300 20
93400 20
93500 20
93600 20
93700 20
93800 20
93900 20
94000 20
94100 20
94200 20
94300 20
94400 13
94500 20
94600 20
94700 20
94800 30
94900 20
95000 20
95100 26
95200 21
95300 20
95400 20
95500 20
95600 20
95700 20
95800 20
95900 20
96000 20
96100 20
96200 20
96300 20
96400 20
96500 20
96600 20
96700 21
96800 20
96900 20
97000 20
97100 20
97200 20
97300 20
97400 20
97500 20
97600 20
97700 20
97800 20
97900 20
98000 20
98100 20
98200 20
98300 20
98400 20
98500 20
98600 20
98700 20
98800 20
98900 20
99000 20
99100 20
99200 20
99300 20
99400 20
99500 20
99600 20
99700 20
99800 20
99900 20
100000 20
