1 0
101 0
201 0
301 1
401 0
501 0
601 1
701 1
801 1
901 1
1001 1
1101 2
1201 2
1301 2
1401 3
1501 2
1601 3
1701 4
1801 4
1901 5
2001 6
2101 7
2201 8
2301 7
2401 7
2501 9
2601 10
2701 9
2801 10
2901 12
3001 13
3101 13
3201 24
3301 16
3401 26
3501 18
3601 18
3701 18
3801 20
3901 20
4001 22
4101 22
4201 25
4301 25
4401 26
4501 26
4601 31
4701 30
4801 30
4901 35
5001 33
5101 30
5201 30
5301 30
5401 40
5501 40
5601 53
5701 44
5801 50
5901 50
6001 53
6101 47
6201 50
6301 60
6401 50
6501 50
6601 50
6701 60
6801 60
6901 60
7001 60
7101 60
7201 70
7301 70
7401 80
7501 80
7601 80
7701 80
7801 80
7901 80
8001 90
8101 91
8201 90
8301 90
8401 100
8501 101
8601 100
8701 99
8801 100
8901 110
9001 110
9101 113
9201 110
9301 113
9401 121
9501 123
9601 130
9701 123
9801 133
9901 136
10001 138
10101 140
10201 143
10301 143
10401 151
10501 144
10601 150
10701 150
10801 150
10901 150
11001 161
11101 170
11201 170
11301 174
11401 172
11501 182
11601 182
11701 182
11801 185
11901 181
12001 193
12101 194
12201 202
12301 202
12401 202
12501 210
12601 212
12701 217
12801 221
12901 233
13001 224
13101 233
13201 232
13301 237
13401 246
13501 244
13601 245
13701 251
13801 254
13901 259
14001 260
14101 265
14201 272
14301 268
14401 270
14501 276
14601 277
14701 303
14801 287
14901 293
15001 305
15101 308
15201 308
15301 308
15401 321
15501 326
15601 323
15701 323
15801 329
15901 330
16001 339
16101 342
16201 348
16301 353
16401 366
16501 369
16601 369
16701 383
16801 375
16901 387
17001 387
17101 394
17201 399
17301 406
17401 407
17501 412
17601 419
17701 426
17801 421
17901 434
18001 433
18101 442
18201 447
18301 444
18401 446
18501 461
18601 468
18701 470
18801 478
18901 478
19001 484
19101 489
19201 493
19301 492
19401 504
19501 513
19601 519
19701 540
19801 526
19901 524
20001 525
20101 536
20201 541
20301 548
20401 555
20501 568
20601 567
20701 574
20801 585
20901 598
21001 592
21101 593
21201 586
21301 604
21401 603
21501 607
21601 619
21701 634
21801 628
21901 637
22001 652
22101 648
22201 652
22301 662
22401 675
22501 681
22601 684
22701 691
22801 698
22901 711
23001 707
23101 710
23201 717
23301 726
23401 725
23501 734
23601 744
23701 749
23801 750
23901 761
24001 765
24101 782
24201 790
24301 795
24401 799
24501 817
24601 813
24701 815
24801 825
24901 831
25001 829
25101 846
25201 852
25301 856
25401 904
25501 915
25601 940
25701 891
25801 897
25901 900
26001 908
26101 914
26201 917
26301 918
26401 928
26501 939
26601 946
26701 958
26801 960
26901 971
27001 965
27101 973
27201 982
27301 1015
27401 1010
27501 1022
27601 1038
27701 1024
27801 1036
27901 1055
28001 1038
28101 1053
28201 1066
28301 1076
28401 1080
28501 1096
28601 1108
28701 1109
28801 1123
28901 1125
29001 1117
29101 1140
29201 1143
29301 1156
29401 1200
29501 1167
29601 1166
29701 1173
29801 1184
29901 1208
30001 1200
30101 1216
30201 1231
30301 1222
30401 1233
30501 1251
30601 1246
30701 1257
30801 1269
30901 1273
31001 1292
31101 1291
31201 1299
31301 1307
31401 1324
31501 1318
31601 1329
31701 1353
31801 1342
31901 1361
32001 1364
32101 1374
32201 1379
32301 1403
32401 1411
32501 1434
32601 1439
32701 1426
32801 1450
32901 1430
33001 1446
33101 1446
33201 1479
33301 1488
33401 1484
33501 1502
33601 1517
33701 1510
33801 1525
33901 1533
34001 1544
34101 1555
34201 1564
34301 1562
34401 1583
34501 1592
34601 1595
34701 1603
34801 1629
34901 1634
35001 1640
35101 1640
35201 1648
35301 1674
35401 1681
35501 1680
35601 1703
35701 1708
35801 1724
35901 1702
36001 1741
36101 1740
36201 1753
36301 1776
36401 1763
36501 1794
36601 1781
36701 1803
36801 1799
36901 1820
37001 1842
37101 1844
37201 1842
37301 1851
37401 1854
37501 1876
37601 1882
37701 2008
37801 1915
37901 1916
38001 1950
38101 1946
38201 1951
38301 1953
38401 1964
38501 1974
38601 1996
38701 1986
38801 2000
38901 2009
39001 2048
39101 2058
39201 2037
39301 2058
39401 2097
39501 2088
39601 2091
39701 2113
39801 2141
39901 2267
40001 2205
40101 2288
40201 2195
40301 2180
40401 2172
40501 2202
40601 2218
40701 2210
40801 2229
40901 2246
41001 2253
41101 2249
41201 2272
41301 2254
41401 2270
41501 2287
41601 2305
41701 2339
41801 2338
41901 2336
42001 2350
42101 2390
42201 2370
42301 2387
42401 2402
42501 2416
42601 2433
42701 2452
42801 2447
42901 2462
43001 2470
43101 2484
43201 2497
43301 2499
43401 2514
43501 2528
43601 2527
43701 2555
43801 2562
43901 2567
44001 2579
44101 2592
44201 2613
44301 2624
44401 2721
44501 2846
44601 2806
44701 2654
44801 2688
44901 2685
45001 2719
45101 2707
45201 2718
45301 2739
45401 2760
45501 2760
45601 2770
45701 2794
45801 2792
45901 2806
46001 2843
46101 2837
46201 2856
46301 2858
46401 2886
46501 2903
46601 2920
46701 2932
46801 2922
46901 2944
47001 2978
47101 2957
47201 2957
47301 2983
47401 2977
47501 3000
47601 3035
47701 3033
47801 3052
47901 3069
48001 3079
48101 3091
48201 3119
48301 3133
48401 3120
48501 3146
48601 3189
48701 3170
48801 3164
48901 3180
49001 3207
49101 3301
49201 3378
49301 3237
49401 3263
49501 3264
49601 3334
49701 3304
49801 3299
49901 3313
50001 3364
50101 3362
50201 3371
50301 3412
50401 3398
50501 3456
50601 3421
50701 3405
50801 3560
50901 3570
51001 3534
51101 3491
51201 3490
51301 3589
51401 3556
51501 3535
51601 3701
51701 3578
51801 3583
51901 3666
52001 3615
52101 3662
52201 3638
52301 3656
52401 3655
52501 3677
52601 3688
52701 3693
52801 3713
52901 3729
53001 3751
53101 3773
53201 3766
53301 3781
53401 3818
53501 3824
53601 3839
53701 3877
53801 3855
53901 3862
54001 3906
54101 3913
54201 3935
54301 3938
54401 3936
54501 3962
54601 3999
54701 4002
54801 4014
54901 4022
55001 4026
55101 4048
55201 4091
55301 4098
55401 4096
55501 4114
55601 4107
55701 4141
55801 4164
55901 4152
56001 4187
56101 4210
56201 4204
56301 4222
56401 4249
56501 4266
56601 4287
56701 4309
56801 4348
56901 4325
57001 4345
57101 4343
57201 4356
57301 4392
57401 4414
57501 4416
57601 4436
57701 4422
57801 4467
57901 4491
58001 4502
58101 4503
58201 4528
58301 4545
58401 4640
58501 4561
58601 4589
58701 4679
58801 4905
58901 4638
59001 4654
59101 4657
59201 4694
59301 4718
59401 4722
59501 4735
59601 4751
59701 4825
59801 4789
59901 4760
60001 4783
60101 4827
60201 4831
60301 4861
60401 4874
60501 4902
60601 4895
60701 4910
60801 4909
60901 4928
61001 4944
61101 4967
61201 5020
61301 5039
61401 5023
61501 5054
61601 5061
61701 5101
61801 5152
61901 5111
62001 5110
62101 5119
62201 5145
62301 5151
62401 5190
62501 5219
62601 5225
62701 5228
62801 5260
62901 5286
63001 5304
63101 5311
63201 5336
63301 5351
63401 5353
63501 5428
63601 5389
63701 5572
63801 5432
63901 5467
64001 5467
64101 5485
64201 5505
64301 5533
64401 5572
64501 5538
64601 5563
64701 5598
64801 5560
64901 5618
65001 5646
65101 5650
65201 5704
65301 5701
65401 5699
65501 5727
65601 5709
65701 5801
65801 5805
65901 5805
66001 5853
66101 5959
66201 5828
66301 5862
66401 5935
66501 5937
66601 5895
66701 5938
66801 5959
66901 5979
67001 5986
67101 6028
67201 6060
67301 6020
67401 6052
67501 6061
67601 6094
67701 6107
67801 6158
67901 6150
68001 6200
68101 6205
68201 6182
68301 6207
68401 6290
68501 6258
68601 6304
68701 6289
68801 6288
68901 6326
69001 6395
69101 6377
69201 6374
69301 6409
69401 6445
69501 6440
69601 6444
69701 6492
69801 6510
69901 6533
70001 6567
70101 6529
70201 6581
70301 6595
70401 6591
70501 6652
70601 6674
70701 6667
70801 6700
70901 6712
71001 6722
71101 6713
71201 6753
71301 6784
71401 6845
71501 6806
71601 6837
71701 6845
71801 6882
71901 6910
72001 6928
72101 6933
72201 6958
72301 6989
72401 7153
72501 7039
72601 7060
72701 7036
72801 7095
72901 7116
73001 7117
73101 7204
73201 7125
73301 7171
73401 7199
73501 7242
73601 7251
73701 7237
73801 7236
73901 7285
74001 7284
74101 7316
74201 7346
74301 7404
74401 7378
74501 7410
74601 7410
74701 7459
74801 7444
74901 7488
75001 7516
75101 7544
75201 7543
75301 7548
75401 7544
75501 7591
75601 7637
75701 7651
75801 7679
75901 7683
76001 7709
76101 7697
76201 7754
76301 7769
76401 7800
76501 7771
76601 7844
76701 7883
76801 7890
76901 7901
77001 7893
77101 8067
77201 7892
77301 7974
77401 8046
77501 8073
77601 8042
77701 8349
77801 9015
77901 9422
78001 8285
78101 8163
78201 8305
78301 8233
78401 8623
78501 8329
78601 8326
78701 8273
78801 8279
78901 8350
79001 8358
79101 8330
79201 8396
79301 8424
79401 8433
79501 8440
79601 8489
79701 8563
79801 8607
79901 8618
80001 8611
80101 8606
80201 8685
80301 8659
80401 8661
80501 8717
80601 8657
80701 8740
80801 8708
80901 8761
81001 8818
81101 8809
81201 8797
81301 8835
81401 8857
81501 8921
81601 8974
81701 8913
81801 9026
81901 8986
82001 8985
82101 8996
82201 9073
82301 9041
82401 9091
82501 9140
82601 9122
82701 9150
82801 9174
82901 9263
83001 9209
83101 9244
83201 9317
83301 9241
83401 9275
83501 9299
83601 9364
83701 9392
83801 9381
83901 9440
84001 9447
84101 9557
84201 9524
84301 9585
84401 9544
84501 9564
84601 9736
84701 9624
84801 9574
84901 9700
85001 9666
85101 9638
85201 9692
85301 9733
85401 9761
85501 9770
85601 9807
85701 9849
85801 9818
85901 9849
86001 9953
86101 9980
86201 9977
86301 9999
86401 9985
86501 9974
86601 9978
86701 9994
86801 10099
86901 10067
87001 10156
87101 10152
87201 10138
87301 10211
87401 10248
87501 10259
87601 10234
87701 10279
87801 10292
87901 10297
88001 10386
88101 10389
88201 10369
88301 10462
88401 10532
88501 10434
88601 10486
88701 10479
88801 10495
88901 10674
89001 10610
89101 10903
89201 10697
89301 10627
89401 10750
89501 10824
89601 10872
89701 10811
89801 10773
89901 10789
90001 10859
90101 10857
90201 10844
90301 10863
90401 10952
90501 10988
90601 10996
90701 10999
90801 11028
90901 11077
91001 11076
91101 11121
91201 11092
91301 11137
91401 11216
91501 11190
91601 11216
91701 11259
91801 11280
91901 11314
92001 11325
92101 11367
92201 11322
92301 11351
92401 11424
92501 11451
92601 11502
92701 11515
92801 11493
92901 11514
93001 11555
93101 11569
93201 11556
93301 11602
93401 11656
93501 11698
93601 11708
93701 11729
93801 11757
93901 11807
94001 11783
94101 11832
94201 11851
94301 11936
94401 12031
94501 11884
94601 11900
94701 12001
94801 12034
94901 12021
95001 12139
95101 12101
95201 12120
95301 12226
95401 12219
95501 12163
95601 12244
95701 12247
95801 12282
95901 12281
96001 12343
96101 12337
96201 12336
96301 12519
96401 12397
96501 12492
96601 12461
96701 12532
96801 12543
96901 12580
97001 12567
97101 12604
97201 12665
97301 12724
97401 12717
97501 12707
97601 12737
97701 12700
97801 12786
97901 12756
98001 12874
98101 12840
98201 12880
98301 12932
98401 12977
98501 12975
98601 12994
98701 13001
98801 13026
98901 13086
99001 13148
99101 13173
99201 13139
99301 13185
99401 13194
99501 13262
99601 13245
99701 13328
99801 13314
99901 13347
